3.976235198974609375e+01 1.532611694335937500e+02
3.996457672119140625e+01 1.344784851074218750e+02
4.137913513183593750e+01 1.155219192504882812e+02
4.222285079956054688e+01 9.955426788330078125e+01
4.583535385131835938e+01 8.083790588378906250e+01
5.534241867065429688e+01 6.238899230957031250e+01
6.840880584716796875e+01 4.906869506835937500e+01
8.502535247802734375e+01 3.637754821777343750e+01
1.056174468994140625e+02 2.663290405273437500e+01
1.255952301025390625e+02 3.056758117675781250e+01
1.370212860107421875e+02 3.992109680175781250e+01
1.449085693359375000e+02 5.092959594726562500e+01
1.528180847167968750e+02 6.650344848632812500e+01
1.581357879638671875e+02 8.289091491699218750e+01
1.633750152587890625e+02 9.874642944335937500e+01
1.694841766357421875e+02 1.159602203369140625e+02
1.724268493652343750e+02 1.351818084716796875e+02
6.656018066406250000e+01 1.658046264648437500e+02
7.782785034179687500e+01 1.722480468750000000e+02
9.127655792236328125e+01 1.714126739501953125e+02
1.026020584106445312e+02 1.659481964111328125e+02
1.105563278198242188e+02 1.601823425292968750e+02
1.475960388183593750e+02 1.571267089843750000e+02
1.558174896240234375e+02 1.596383819580078125e+02
1.652148742675781250e+02 1.609505004882812500e+02
1.727642059326171875e+02 1.578186645507812500e+02
1.767562408447265625e+02 1.507800903320312500e+02
1.280720214843750000e+02 1.372273254394531250e+02
1.288627777099609375e+02 1.243466720581054688e+02
1.303339080810546875e+02 1.139471969604492188e+02
1.278071746826171875e+02 1.035023193359375000e+02
1.122180099487304688e+02 9.584328460693359375e+01
1.166026229858398438e+02 9.495269775390625000e+01
1.220505218505859375e+02 9.354377746582031250e+01
1.283099975585937500e+02 9.413197326660156250e+01
1.318065948486328125e+02 9.465290832519531250e+01
8.004855346679687500e+01 1.459049987792968750e+02
8.901719665527343750e+01 1.471057128906250000e+02
9.776624298095703125e+01 1.454913787841796875e+02
1.046936416625976562e+02 1.404378662109375000e+02
9.802595520019531250e+01 1.406080627441406250e+02
8.859793853759765625e+01 1.407598266601562500e+02
1.406184082031250000e+02 1.366258850097656250e+02
1.516806488037109375e+02 1.407485198974609375e+02
1.608347930908203125e+02 1.394312744140625000e+02
1.638385467529296875e+02 1.355124053955078125e+02
1.591476440429687500e+02 1.323514404296875000e+02
1.495293731689453125e+02 1.331128845214843750e+02
9.407048797607421875e+01 7.199771118164062500e+01
1.046438064575195312e+02 7.728260803222656250e+01
1.163734970092773438e+02 7.985035705566406250e+01
1.201293258666992188e+02 7.797286987304687500e+01
1.254534683227539062e+02 7.810345458984375000e+01
1.327972564697265625e+02 7.382795715332031250e+01
1.347213592529296875e+02 6.754513549804687500e+01
1.292138061523437500e+02 5.821514892578125000e+01
1.229309005737304688e+02 5.394363403320312500e+01
1.154963760375976562e+02 5.313079833984375000e+01
1.065890960693359375e+02 5.596200561523437500e+01
1.003847656250000000e+02 6.164950561523437500e+01
9.432117462158203125e+01 7.216113281250000000e+01
1.124409103393554688e+02 7.390240478515625000e+01
1.191695175170898438e+02 7.299562072753906250e+01
1.243145217895507812e+02 7.202552795410156250e+01
1.343135375976562500e+02 6.771354675292968750e+01
1.225718383789062500e+02 6.101660156250000000e+01
1.167789306640625000e+02 6.275149536132812500e+01
1.098790664672851562e+02 6.397340393066406250e+01
