3.747716140747070312e+01 1.308521728515625000e+02
3.997084808349609375e+01 1.120421066284179688e+02
4.516225051879882812e+01 9.405880737304687500e+01
4.938453292846679688e+01 7.625184631347656250e+01
5.660640335083007812e+01 5.762890625000000000e+01
6.666094207763671875e+01 4.248078918457031250e+01
7.750476074218750000e+01 3.205807495117187500e+01
9.271308135986328125e+01 2.303971862792968750e+01
1.168565063476562500e+02 2.044862365722656250e+01
1.389877471923828125e+02 2.836236572265625000e+01
1.552477264404296875e+02 3.989566040039062500e+01
1.680787963867187500e+02 5.312097167968750000e+01
1.772704772949218750e+02 7.135734558105468750e+01
1.812119140625000000e+02 9.128388977050781250e+01
1.836497955322265625e+02 1.095316085815429688e+02
1.853881835937500000e+02 1.292092590332031250e+02
1.848128204345703125e+02 1.495120239257812500e+02
4.563392257690429688e+01 1.443924560546875000e+02
5.268037033081054688e+01 1.504564361572265625e+02
6.328866577148437500e+01 1.530021362304687500e+02
7.331956481933593750e+01 1.539723815917968750e+02
8.245061492919921875e+01 1.521965637207031250e+02
1.192992324829101562e+02 1.560394287109375000e+02
1.288449249267578125e+02 1.589933776855468750e+02
1.391399688720703125e+02 1.620326690673828125e+02
1.508660736083984375e+02 1.618525695800781250e+02
1.616290893554687500e+02 1.587366638183593750e+02
1.022168502807617188e+02 1.341639709472656250e+02
1.017613372802734375e+02 1.211002731323242188e+02
1.035916137695312500e+02 1.070697250366210938e+02
1.034494628906250000e+02 9.729903411865234375e+01
9.522341156005859375e+01 8.900080871582031250e+01
9.905571746826171875e+01 8.833972167968750000e+01
1.059269485473632812e+02 8.739749145507812500e+01
1.140749740600585938e+02 9.024902343750000000e+01
1.176952743530273438e+02 9.107135009765625000e+01
6.065915298461914062e+01 1.311035156250000000e+02
6.713421630859375000e+01 1.352276306152343750e+02
7.586915588378906250e+01 1.362577667236328125e+02
8.445209503173828125e+01 1.335341644287109375e+02
7.613446044921875000e+01 1.313487243652343750e+02
6.829619598388671875e+01 1.293999328613281250e+02
1.229474868774414062e+02 1.380173339843750000e+02
1.312739868164062500e+02 1.432531433105468750e+02
1.404954528808593750e+02 1.445718383789062500e+02
1.486173248291015625e+02 1.420872039794921875e+02
1.409443511962890625e+02 1.375660095214843750e+02
1.306642456054687500e+02 1.363496093750000000e+02
8.515106201171875000e+01 6.547006225585937500e+01
9.201180267333984375e+01 6.993461608886718750e+01
1.030344696044921875e+02 7.291107177734375000e+01
1.077162246704101562e+02 7.298170471191406250e+01
1.133165206909179688e+02 7.535671997070312500e+01
1.250479660034179688e+02 7.332989501953125000e+01
1.355230712890625000e+02 7.092619323730468750e+01
1.259645843505859375e+02 6.286706542968750000e+01
1.180217666625976562e+02 5.879580688476562500e+01
1.111341857910156250e+02 5.672459411621093750e+01
1.023376617431640625e+02 5.685757446289062500e+01
9.384230041503906250e+01 5.930348205566406250e+01
8.570125579833984375e+01 6.558978271484375000e+01
1.014046401977539062e+02 6.736329650878906250e+01
1.082501831054687500e+02 6.821089172363281250e+01
1.164100570678710938e+02 6.869609069824218750e+01
1.349285583496093750e+02 7.094915771484375000e+01
1.171621780395507812e+02 6.531231689453125000e+01
1.093077239990234375e+02 6.472714233398437500e+01
1.020368499755859375e+02 6.424339294433593750e+01
