2.597266578674316406e+01 1.490849304199218750e+02
2.665550613403320312e+01 1.308120727539062500e+02
2.557885360717773438e+01 1.109713516235351562e+02
2.871112251281738281e+01 9.258462524414062500e+01
3.773213958740234375e+01 7.568150329589843750e+01
5.432436370849609375e+01 5.738471984863281250e+01
7.394846343994140625e+01 4.540661621093750000e+01
9.466146087646484375e+01 3.590338134765625000e+01
1.162994766235351562e+02 3.079135131835937500e+01
1.323918914794921875e+02 3.522128295898437500e+01
1.382073364257812500e+02 4.435090637207031250e+01
1.407844696044921875e+02 5.611149597167968750e+01
1.441450347900390625e+02 7.220962524414062500e+01
1.462452545166015625e+02 9.169799804687500000e+01
1.486677093505859375e+02 1.096251831054687500e+02
1.492018890380859375e+02 1.260216827392578125e+02
1.496402740478515625e+02 1.449736480712890625e+02
6.903777313232421875e+01 1.565700225830078125e+02
8.239157104492187500e+01 1.599549407958984375e+02
9.506346893310546875e+01 1.599212646484375000e+02
1.055991058349609375e+02 1.580551910400390625e+02
1.138386383056640625e+02 1.553068847656250000e+02
1.440665130615234375e+02 1.560108947753906250e+02
1.505447235107421875e+02 1.583566589355468750e+02
1.567051391601562500e+02 1.601227874755859375e+02
1.617109069824218750e+02 1.594968566894531250e+02
1.633670196533203125e+02 1.559949951171875000e+02
1.303160400390625000e+02 1.385672302246093750e+02
1.328223419189453125e+02 1.262462463378906250e+02
1.364343872070312500e+02 1.146599121093750000e+02
1.364486999511718750e+02 1.045781173706054688e+02
1.175632934570312500e+02 9.817741394042968750e+01
1.227672042846679688e+02 9.724728393554687500e+01
1.290352783203125000e+02 9.665890502929687500e+01
1.332111968994140625e+02 9.777592468261718750e+01
1.367237854003906250e+02 9.829690551757812500e+01
8.225110626220703125e+01 1.416409912109375000e+02
9.189253997802734375e+01 1.436948547363281250e+02
9.926230621337890625e+01 1.432128601074218750e+02
1.054407882690429688e+02 1.399737548828125000e+02
9.965553283691406250e+01 1.388794860839843750e+02
9.169840240478515625e+01 1.383804473876953125e+02
1.372385406494140625e+02 1.400700073242187500e+02
1.455361785888671875e+02 1.441941223144531250e+02
1.523494720458984375e+02 1.444500122070312500e+02
1.548734436035156250e+02 1.417975769042968750e+02
1.516577301025390625e+02 1.385084838867187500e+02
1.446432037353515625e+02 1.381140289306640625e+02
1.022421188354492188e+02 7.319378662109375000e+01
1.130489578247070312e+02 7.927268981933593750e+01
1.240713348388671875e+02 8.295266723632812500e+01
1.280730438232421875e+02 8.199276733398437500e+01
1.336743469238281250e+02 8.341865539550781250e+01
1.395304107666015625e+02 7.891484069824218750e+01
1.410476074218750000e+02 7.273507690429687500e+01
1.368299865722656250e+02 6.635812377929687500e+01
1.319004211425781250e+02 6.300280761718750000e+01
1.259374084472656250e+02 6.240460205078125000e+01
1.185542907714843750e+02 6.302142333984375000e+01
1.114401931762695312e+02 6.729254150390625000e+01
1.026585388183593750e+02 7.329441833496093750e+01
1.204524612426757812e+02 7.655464172363281250e+01
1.266554946899414062e+02 7.675718688964843750e+01
1.317111206054687500e+02 7.642408752441406250e+01
1.404116516113281250e+02 7.285914611816406250e+01
1.319817199707031250e+02 7.068489074707031250e+01
1.256338348388671875e+02 7.115415954589843750e+01
1.201766204833984375e+02 7.196594238281250000e+01
