3.847194671630859375e+01 1.374436492919921875e+02
4.062611007690429688e+01 1.167829360961914062e+02
4.415854263305664062e+01 9.779753112792968750e+01
4.847267532348632812e+01 8.006132507324218750e+01
5.326769256591796875e+01 6.232444763183593750e+01
6.239038467407226562e+01 4.664958190917968750e+01
7.378034210205078125e+01 3.516453552246093750e+01
8.933042907714843750e+01 2.252088928222656250e+01
1.135110549926757812e+02 1.549391174316406250e+01
1.366593780517578125e+02 2.289852905273437500e+01
1.515469207763671875e+02 3.492755126953125000e+01
1.627104187011718750e+02 4.672540283203125000e+01
1.717739715576171875e+02 6.252491760253906250e+01
1.769521484375000000e+02 8.115594482421875000e+01
1.802588195800781250e+02 9.849812316894531250e+01
1.833908233642578125e+02 1.167704162597656250e+02
1.862523498535156250e+02 1.380410766601562500e+02
5.331946182250976562e+01 1.466390686035156250e+02
6.178937911987304688e+01 1.518087158203125000e+02
7.334087371826171875e+01 1.535900268554687500e+02
8.351213836669921875e+01 1.521600036621093750e+02
9.270294952392578125e+01 1.502096862792968750e+02
1.302799682617187500e+02 1.502411651611328125e+02
1.399680328369140625e+02 1.529505310058593750e+02
1.503698120117187500e+02 1.548594512939453125e+02
1.613188323974609375e+02 1.535654144287109375e+02
1.701582946777343750e+02 1.487348022460937500e+02
1.123348617553710938e+02 1.297508087158203125e+02
1.122024078369140625e+02 1.161908264160156250e+02
1.123084411621093750e+02 1.027585296630859375e+02
1.128235321044921875e+02 9.369020080566406250e+01
1.001762161254882812e+02 8.812368774414062500e+01
1.030944442749023438e+02 8.709840393066406250e+01
1.118120498657226562e+02 8.530551147460937500e+01
1.206041030883789062e+02 8.664805603027343750e+01
1.241442184448242188e+02 8.776835632324218750e+01
6.752208709716796875e+01 1.321121673583984375e+02
7.422503662109375000e+01 1.346449584960937500e+02
8.381247711181640625e+01 1.342995910644531250e+02
9.172911834716796875e+01 1.315877532958984375e+02
8.325206756591796875e+01 1.293830261230468750e+02
7.470016479492187500e+01 1.290378723144531250e+02
1.315154876708984375e+02 1.318431396484375000e+02
1.403905792236328125e+02 1.366914672851562500e+02
1.493893737792968750e+02 1.370052795410156250e+02
1.564157409667968750e+02 1.337375488281250000e+02
1.493431396484375000e+02 1.304369506835937500e+02
1.402137603759765625e+02 1.299197692871093750e+02
7.955641174316406250e+01 7.145219421386718750e+01
9.047538757324218750e+01 7.329452514648437500e+01
1.055737457275390625e+02 7.406919860839843750e+01
1.115410537719726562e+02 7.263047790527343750e+01
1.188135299682617188e+02 7.379827880859375000e+01
1.332517700195312500e+02 7.317948913574218750e+01
1.448155212402343750e+02 7.072979736328125000e+01
1.321318664550781250e+02 5.906025695800781250e+01
1.216697692871093750e+02 5.327720642089843750e+01
1.121647338867187500e+02 5.163464355468750000e+01
1.013073883056640625e+02 5.335960388183593750e+01
9.200552368164062500e+01 5.825379943847656250e+01
7.986621093750000000e+01 7.158663940429687500e+01
1.020070419311523438e+02 6.878816223144531250e+01
1.114724655151367188e+02 6.876948547363281250e+01
1.224650192260742188e+02 6.879685974121093750e+01
1.443318328857421875e+02 7.075863647460937500e+01
1.214740142822265625e+02 6.068493652343750000e+01
1.121520462036132812e+02 5.960290527343750000e+01
1.023266677856445312e+02 6.018289184570312500e+01
