3.915409851074218750e+01 1.421087646484375000e+02
3.974719619750976562e+01 1.235420989990234375e+02
4.025088882446289062e+01 1.043585891723632812e+02
4.165983963012695312e+01 8.713632202148437500e+01
4.457275772094726562e+01 6.820796203613281250e+01
5.441217041015625000e+01 5.098368835449218750e+01
6.569602203369140625e+01 3.720567321777343750e+01
8.111627960205078125e+01 2.313809204101562500e+01
1.043724822998046875e+02 1.362930297851562500e+01
1.257744293212890625e+02 1.759725952148437500e+01
1.388650054931640625e+02 2.799484252929687500e+01
1.484210662841796875e+02 3.888795471191406250e+01
1.578100128173828125e+02 5.317436218261718750e+01
1.662756042480468750e+02 7.199861145019531250e+01
1.712482299804687500e+02 8.716023254394531250e+01
1.768881835937500000e+02 1.044965896606445312e+02
1.807314605712890625e+02 1.236804580688476562e+02
6.563668060302734375e+01 1.534041137695312500e+02
7.699238586425781250e+01 1.578315277099609375e+02
8.946752166748046875e+01 1.578916931152343750e+02
9.963617706298828125e+01 1.556117553710937500e+02
1.078302307128906250e+02 1.513719482421875000e+02
1.440016784667968750e+02 1.467634429931640625e+02
1.535609741210937500e+02 1.472695007324218750e+02
1.624923095703125000e+02 1.471761322021484375e+02
1.710602111816406250e+02 1.440071411132812500e+02
1.765034942626953125e+02 1.380333862304687500e+02
1.236675186157226562e+02 1.303209533691406250e+02
1.238382034301757812e+02 1.164409408569335938e+02
1.236994247436523438e+02 1.030339736938476562e+02
1.225128936767578125e+02 9.423353576660156250e+01
1.060629730224609375e+02 9.056327819824218750e+01
1.104379119873046875e+02 8.865751647949218750e+01
1.182468490600585938e+02 8.576855468750000000e+01
1.273338317871093750e+02 8.634611511230468750e+01
1.298931884765625000e+02 8.683946228027343750e+01
7.760501861572265625e+01 1.380260925292968750e+02
8.590307617187500000e+01 1.392549133300781250e+02
9.504940795898437500e+01 1.384069366455078125e+02
1.013788146972656250e+02 1.343874816894531250e+02
9.465110778808593750e+01 1.338090515136718750e+02
8.533815002441406250e+01 1.346442565917968750e+02
1.399927673339843750e+02 1.287582092285156250e+02
1.493626251220703125e+02 1.311358337402343750e+02
1.579919128417968750e+02 1.297967071533203125e+02
1.631271667480468750e+02 1.260394744873046875e+02
1.570372619628906250e+02 1.242023620605468750e+02
1.484758300781250000e+02 1.252586746215820312e+02
7.949830627441406250e+01 7.692481994628906250e+01
9.295870971679687500e+01 7.768890380859375000e+01
1.103602981567382812e+02 7.637586975097656250e+01
1.151531829833984375e+02 7.422763061523437500e+01
1.226077117919921875e+02 7.514961242675781250e+01
1.349848175048828125e+02 7.147465515136718750e+01
1.428560180664062500e+02 6.704986572265625000e+01
1.311132812500000000e+02 5.579997253417968750e+01
1.215098342895507812e+02 5.134327697753906250e+01
1.121018066406250000e+02 5.131214904785156250e+01
1.016682586669921875e+02 5.446780395507812500e+01
9.244178771972656250e+01 6.204513549804687500e+01
7.982824707031250000e+01 7.697355651855468750e+01
1.049757919311523438e+02 7.216442871093750000e+01
1.150298843383789062e+02 7.108692932128906250e+01
1.236829910278320312e+02 6.962570190429687500e+01
1.423466644287109375e+02 6.713243103027343750e+01
1.213938827514648438e+02 5.905049133300781250e+01
1.127980575561523438e+02 5.929280090332031250e+01
1.040869140625000000e+02 6.268205261230468750e+01
