5.868301391601562500e+01 1.359525756835937500e+02
6.014966964721679688e+01 1.184710006713867188e+02
6.234330749511718750e+01 1.016821823120117188e+02
6.447340393066406250e+01 8.480969238281250000e+01
6.771791839599609375e+01 6.558384704589843750e+01
7.190328979492187500e+01 4.995576477050781250e+01
7.663858032226562500e+01 3.807258605957031250e+01
8.420309448242187500e+01 2.609809875488281250e+01
1.010174713134765625e+02 1.951782226562500000e+01
1.237231597900390625e+02 2.484385681152343750e+01
1.435561523437500000e+02 3.614854431152343750e+01
1.605356750488281250e+02 4.739300537109375000e+01
1.741506958007812500e+02 6.405995178222656250e+01
1.810125122070312500e+02 8.293638610839843750e+01
1.862746887207031250e+02 9.949105834960937500e+01
1.893907318115234375e+02 1.172435684204101562e+02
1.928931732177734375e+02 1.371793823242187500e+02
5.170861816406250000e+01 1.478191223144531250e+02
5.572173309326171875e+01 1.518491821289062500e+02
6.299636459350585938e+01 1.524382324218750000e+02
7.014963531494140625e+01 1.516899261474609375e+02
7.722476959228515625e+01 1.497888793945312500e+02
1.091213455200195312e+02 1.499667053222656250e+02
1.182124099731445312e+02 1.525893249511718750e+02
1.289822692871093750e+02 1.538197326660156250e+02
1.411433410644531250e+02 1.516287994384765625e+02
1.538345794677734375e+02 1.477601928710937500e+02
9.193597412109375000e+01 1.308162231445312500e+02
8.941189575195312500e+01 1.192835235595703125e+02
8.695864105224609375e+01 1.078916778564453125e+02
8.658300781250000000e+01 9.944625091552734375e+01
8.308862304687500000e+01 9.223995971679687500e+01
8.602870178222656250e+01 9.106571960449218750e+01
9.228745269775390625e+01 8.974333190917968750e+01
9.936892700195312500e+01 9.063468933105468750e+01
1.037673645019531250e+02 9.166583251953125000e+01
6.188204193115234375e+01 1.343818359375000000e+02
6.522233581542968750e+01 1.368540039062500000e+02
7.356393432617187500e+01 1.371755218505859375e+02
8.131957244873046875e+01 1.327364349365234375e+02
7.313674163818359375e+01 1.316340942382812500e+02
6.600983428955078125e+01 1.311068725585937500e+02
1.153044128417968750e+02 1.329696655273437500e+02
1.223196487426757812e+02 1.379768066406250000e+02
1.304193267822265625e+02 1.378278198242187500e+02
1.399347839355468750e+02 1.339910888671875000e+02
1.311398773193359375e+02 1.309734497070312500e+02
1.216959915161132812e+02 1.308704833984375000e+02
7.487561798095703125e+01 7.199455261230468750e+01
7.838716125488281250e+01 7.582986450195312500e+01
8.819129943847656250e+01 7.795948791503906250e+01
9.359445190429687500e+01 7.707295227050781250e+01
9.820990753173828125e+01 7.780233764648437500e+01
1.147544479370117188e+02 7.533692932128906250e+01
1.298267822265625000e+02 7.158345031738281250e+01
1.153855056762695312e+02 5.978538513183593750e+01
1.046833877563476562e+02 5.357205200195312500e+01
9.540460968017578125e+01 5.164497375488281250e+01
8.751512145996093750e+01 5.328628540039062500e+01
8.102890014648437500e+01 5.805648803710937500e+01
7.548920440673828125e+01 7.219628906250000000e+01
8.678158569335937500e+01 7.278125000000000000e+01
9.438299560546875000e+01 7.256401062011718750e+01
1.033072280883789062e+02 7.265603637695312500e+01
1.295412902832031250e+02 7.173542785644531250e+01
1.047206039428710938e+02 6.044000244140625000e+01
9.570541381835937500e+01 5.967507934570312500e+01
8.855565643310546875e+01 6.005944824218750000e+01
