4.380719375610351562e+01 1.305961608886718750e+02
4.540172576904296875e+01 1.103818817138671875e+02
4.945069122314453125e+01 9.195935058593750000e+01
5.294163894653320312e+01 7.634152221679687500e+01
5.841238784790039062e+01 5.895848083496093750e+01
6.662716674804687500e+01 4.494613647460937500e+01
7.614297485351562500e+01 3.558445739746093750e+01
9.032438659667968750e+01 2.796125793457031250e+01
1.103965148925781250e+02 2.454197692871093750e+01
1.313998870849609375e+02 2.986399841308593750e+01
1.478830871582031250e+02 3.912359619140625000e+01
1.611049652099609375e+02 4.905944824218750000e+01
1.712245788574218750e+02 6.371118164062500000e+01
1.764941711425781250e+02 8.198452758789062500e+01
1.790748443603515625e+02 9.836446380615234375e+01
1.818953552246093750e+02 1.163648834228515625e+02
1.836431884765625000e+02 1.372947692871093750e+02
5.171582794189453125e+01 1.486346130371093750e+02
5.872032546997070312e+01 1.549809570312500000e+02
6.845804595947265625e+01 1.567277526855468750e+02
7.912860870361328125e+01 1.562285003662109375e+02
8.758184814453125000e+01 1.536801300048828125e+02
1.230926971435546875e+02 1.553019866943359375e+02
1.325197143554687500e+02 1.578947448730468750e+02
1.429369506835937500e+02 1.590885314941406250e+02
1.537237396240234375e+02 1.577591857910156250e+02
1.631739349365234375e+02 1.526707153320312500e+02
1.054392395019531250e+02 1.367919921875000000e+02
1.045289764404296875e+02 1.248380661010742188e+02
1.044677734375000000e+02 1.125658721923828125e+02
1.037508697509765625e+02 1.031666564941406250e+02
9.501777648925781250e+01 9.394027709960937500e+01
9.859234619140625000e+01 9.332830810546875000e+01
1.051743011474609375e+02 9.202215576171875000e+01
1.121854629516601562e+02 9.353662109375000000e+01
1.157820510864257812e+02 9.423680114746093750e+01
6.497293090820312500e+01 1.355435180664062500e+02
7.117060089111328125e+01 1.389362182617187500e+02
7.996022796630859375e+01 1.398279418945312500e+02
8.808747100830078125e+01 1.361864013671875000e+02
8.006461334228515625e+01 1.344493408203125000e+02
7.196111297607421875e+01 1.333383483886718750e+02
1.256072235107421875e+02 1.373868103027343750e+02
1.334331970214843750e+02 1.414144592285156250e+02
1.416564941406250000e+02 1.417865753173828125e+02
1.491164093017578125e+02 1.380352478027343750e+02
1.419800720214843750e+02 1.356840820312500000e+02
1.327043762207031250e+02 1.353522644042968750e+02
8.463964843750000000e+01 7.008728027343750000e+01
9.159867095947265625e+01 7.467593383789062500e+01
1.009737548828125000e+02 7.699113464355468750e+01
1.058330612182617188e+02 7.670954895019531250e+01
1.103115997314453125e+02 7.696107482910156250e+01
1.213857116699218750e+02 7.412243652343750000e+01
1.303443298339843750e+02 6.982127380371093750e+01
1.209127960205078125e+02 6.663490295410156250e+01
1.128097915649414062e+02 6.480874633789062500e+01
1.065035476684570312e+02 6.399781799316406250e+01
9.943035888671875000e+01 6.497386169433593750e+01
9.225853729248046875e+01 6.660289001464843750e+01
8.534779357910156250e+01 7.022702026367187500e+01
9.971570587158203125e+01 7.174937438964843750e+01
1.058082122802734375e+02 7.180509948730468750e+01
1.133358230590820312e+02 7.170776367187500000e+01
1.300406951904296875e+02 6.995744323730468750e+01
1.132299194335937500e+02 7.161836242675781250e+01
1.057465744018554688e+02 7.158531188964843750e+01
9.987507629394531250e+01 7.186218261718750000e+01
