3.730167388916015625e+01 1.406410675048828125e+02
3.886909866333007812e+01 1.201898651123046875e+02
4.084033203125000000e+01 1.012771759033203125e+02
4.380750274658203125e+01 8.202458190917968750e+01
4.874098968505859375e+01 6.030554199218750000e+01
5.821657180786132812e+01 4.434324645996093750e+01
6.877455902099609375e+01 3.252267456054687500e+01
8.448426818847656250e+01 2.154156494140625000e+01
1.079140548706054688e+02 1.484053039550781250e+01
1.306535797119140625e+02 2.056301879882812500e+01
1.456272583007812500e+02 3.031578063964843750e+01
1.584565887451171875e+02 4.190879821777343750e+01
1.691662902832031250e+02 5.839749145507812500e+01
1.748166656494140625e+02 7.815229797363281250e+01
1.789918212890625000e+02 9.468298339843750000e+01
1.835182647705078125e+02 1.136563873291015625e+02
1.851315917968750000e+02 1.346850585937500000e+02
5.201829910278320312e+01 1.508461608886718750e+02
6.050096130371093750e+01 1.548674621582031250e+02
7.239964294433593750e+01 1.555731201171875000e+02
8.309339141845703125e+01 1.530005645751953125e+02
9.247621917724609375e+01 1.502812500000000000e+02
1.308898773193359375e+02 1.472914733886718750e+02
1.401779479980468750e+02 1.494756774902343750e+02
1.504915313720703125e+02 1.496410064697265625e+02
1.620164642333984375e+02 1.479920806884765625e+02
1.701226043701171875e+02 1.442883911132812500e+02
1.107466278076171875e+02 1.320968627929687500e+02
1.091148834228515625e+02 1.186301422119140625e+02
1.092302551269531250e+02 1.051472854614257812e+02
1.087388610839843750e+02 9.439396667480468750e+01
9.800737762451171875e+01 8.744737243652343750e+01
1.019407806396484375e+02 8.635299682617187500e+01
1.082974624633789062e+02 8.467138671875000000e+01
1.159638442993164062e+02 8.559841918945312500e+01
1.201491928100585938e+02 8.648385620117187500e+01
6.534771728515625000e+01 1.366119689941406250e+02
7.257459259033203125e+01 1.390883941650390625e+02
8.194007110595703125e+01 1.395000305175781250e+02
8.960401916503906250e+01 1.352622833251953125e+02
8.132204437255859375e+01 1.344202270507812500e+02
7.224269104003906250e+01 1.335086059570312500e+02
1.311381530761718750e+02 1.325976257324218750e+02
1.404198150634765625e+02 1.366926116943359375e+02
1.491553955078125000e+02 1.355724792480468750e+02
1.559519958496093750e+02 1.317849884033203125e+02
1.490200653076171875e+02 1.291581115722656250e+02
1.394470062255859375e+02 1.294848632812500000e+02
8.234033966064453125e+01 6.441018676757812500e+01
9.225534820556640625e+01 6.684179687500000000e+01
1.039342422485351562e+02 6.861531066894531250e+01
1.092498474121093750e+02 6.726473999023437500e+01
1.139251708984375000e+02 6.813331604003906250e+01
1.260756912231445312e+02 6.591804504394531250e+01
1.354272918701171875e+02 6.377111816406250000e+01
1.253548278808593750e+02 5.734596252441406250e+01
1.166234817504882812e+02 5.492289733886718750e+01
1.092773590087890625e+02 5.365596008300781250e+01
1.010227661132812500e+02 5.446337890625000000e+01
9.218915557861328125e+01 5.803422546386718750e+01
8.281584167480468750e+01 6.448144531250000000e+01
1.010377578735351562e+02 6.283238220214843750e+01
1.088017196655273438e+02 6.318592834472656250e+01
1.174105834960937500e+02 6.308892822265625000e+01
1.347639923095703125e+02 6.389888000488281250e+01
1.167020874023437500e+02 6.197447204589843750e+01
1.090959091186523438e+02 6.218142700195312500e+01
1.015464630126953125e+02 6.377218627929687500e+01
