3.685446166992187500e+01 1.255410156250000000e+02
3.874382019042968750e+01 1.077093429565429688e+02
4.375135803222656250e+01 8.935974121093750000e+01
4.862141036987304688e+01 7.311433410644531250e+01
5.555698776245117188e+01 5.534521484375000000e+01
6.742327880859375000e+01 4.092906188964843750e+01
8.147430419921875000e+01 3.012882995605468750e+01
9.902223968505859375e+01 2.016136169433593750e+01
1.232227706909179688e+02 1.707945251464843750e+01
1.440756225585937500e+02 2.648722839355468750e+01
1.577751770019531250e+02 4.031741333007812500e+01
1.676795501708984375e+02 5.338209533691406250e+01
1.752863464355468750e+02 7.011033630371093750e+01
1.786935424804687500e+02 8.881221008300781250e+01
1.803964996337890625e+02 1.056150894165039062e+02
1.819492034912109375e+02 1.231942901611328125e+02
1.821954193115234375e+02 1.424291076660156250e+02
4.650146484375000000e+01 1.448799743652343750e+02
5.486293792724609375e+01 1.527810668945312500e+02
6.605941772460937500e+01 1.550363464355468750e+02
7.695487976074218750e+01 1.547398681640625000e+02
8.559725189208984375e+01 1.521432495117187500e+02
1.233741760253906250e+02 1.531517333984375000e+02
1.327472076416015625e+02 1.573916625976562500e+02
1.435474853515625000e+02 1.589889068603515625e+02
1.547600860595703125e+02 1.587407531738281250e+02
1.643896636962890625e+02 1.543678588867187500e+02
1.069433212280273438e+02 1.301961669921875000e+02
1.075466079711914062e+02 1.174450073242187500e+02
1.094414291381835938e+02 1.034366378784179688e+02
1.111417312622070312e+02 9.395532226562500000e+01
1.008917312622070312e+02 8.471418762207031250e+01
1.046444854736328125e+02 8.442565917968750000e+01
1.128176727294921875e+02 8.468344116210937500e+01
1.201238708496093750e+02 8.700085449218750000e+01
1.237819442749023438e+02 8.893244934082031250e+01
6.125976562500000000e+01 1.290036621093750000e+02
6.823210144042968750e+01 1.321691131591796875e+02
7.764539337158203125e+01 1.334485778808593750e+02
8.595318603515625000e+01 1.292334594726562500e+02
7.780216217041015625e+01 1.271933441162109375e+02
6.856874084472656250e+01 1.264408416748046875e+02
1.278813095092773438e+02 1.338026123046875000e+02
1.359972076416015625e+02 1.388505554199218750e+02
1.449394683837890625e+02 1.402596740722656250e+02
1.527137756347656250e+02 1.379444885253906250e+02
1.459104766845703125e+02 1.326380004882812500e+02
1.361002655029296875e+02 1.323186340332031250e+02
8.941168975830078125e+01 6.212351989746093750e+01
9.768439483642578125e+01 6.790081787109375000e+01
1.100407180786132812e+02 7.253033447265625000e+01
1.149528656005859375e+02 7.263072204589843750e+01
1.204437332153320312e+02 7.555416870117187500e+01
1.337890930175781250e+02 7.481721496582031250e+01
1.438765258789062500e+02 7.198216247558593750e+01
1.356983947753906250e+02 5.975343322753906250e+01
1.263565444946289062e+02 5.173632812500000000e+01
1.191145401000976562e+02 5.025022888183593750e+01
1.093057708740234375e+02 4.964427185058593750e+01
1.004290084838867188e+02 5.381251525878906250e+01
8.979638671875000000e+01 6.224473571777343750e+01
1.078523712158203125e+02 6.702220153808593750e+01
1.159328231811523438e+02 6.819218444824218750e+01
1.235804214477539062e+02 6.883573913574218750e+01
1.435393218994140625e+02 7.209422302246093750e+01
1.255325698852539062e+02 6.010569763183593750e+01
1.173628463745117188e+02 5.884931945800781250e+01
1.086653213500976562e+02 5.821765136718750000e+01
