4.687617874145507812e+01 1.297443389892578125e+02
5.240993118286132812e+01 1.105459365844726562e+02
5.779120635986328125e+01 9.486087036132812500e+01
6.321479034423828125e+01 8.111303710937500000e+01
6.920051574707031250e+01 6.398419189453125000e+01
7.696382904052734375e+01 4.904377746582031250e+01
8.444726562500000000e+01 3.740887451171875000e+01
9.537808227539062500e+01 2.610929870605468750e+01
1.143306579589843750e+02 2.134068298339843750e+01
1.364641723632812500e+02 2.997528076171875000e+01
1.522767028808593750e+02 4.202836608886718750e+01
1.657081756591796875e+02 5.380407714843750000e+01
1.754619140625000000e+02 6.838171386718750000e+01
1.801010284423828125e+02 8.511515808105468750e+01
1.817023315429687500e+02 1.001163482666015625e+02
1.849165039062500000e+02 1.179108200073242188e+02
1.859064178466796875e+02 1.392140045166015625e+02
4.707235336303710938e+01 1.397183837890625000e+02
5.129676437377929688e+01 1.440670471191406250e+02
5.918003463745117188e+01 1.451449584960937500e+02
6.775112152099609375e+01 1.441180114746093750e+02
7.621258544921875000e+01 1.422826080322265625e+02
1.119861679077148438e+02 1.468645172119140625e+02
1.206708450317382812e+02 1.509011230468750000e+02
1.308652343750000000e+02 1.543146820068359375e+02
1.423462829589843750e+02 1.545095367431640625e+02
1.535201873779296875e+02 1.503791198730468750e+02
9.657347106933593750e+01 1.230399398803710938e+02
9.642256164550781250e+01 1.090749053955078125e+02
9.621249389648437500e+01 9.525370025634765625e+01
9.627646636962890625e+01 8.690347290039062500e+01
9.030847167968750000e+01 8.265478515625000000e+01
9.358769989013671875e+01 8.168824768066406250e+01
1.015428619384765625e+02 8.007328796386718750e+01
1.079964828491210938e+02 8.242375183105468750e+01
1.126641616821289062e+02 8.439619445800781250e+01
5.923366546630859375e+01 1.250841827392578125e+02
6.345329284667968750e+01 1.277503356933593750e+02
7.221122741699218750e+01 1.280581054687500000e+02
8.045203399658203125e+01 1.252229690551757812e+02
7.243772125244140625e+01 1.229715728759765625e+02
6.472676086425781250e+01 1.217840042114257812e+02
1.181447219848632812e+02 1.286283111572265625e+02
1.248862609863281250e+02 1.341797332763671875e+02
1.346052856445312500e+02 1.354359436035156250e+02
1.429285125732421875e+02 1.321363220214843750e+02
1.362031555175781250e+02 1.281604919433593750e+02
1.256678161621093750e+02 1.265239486694335938e+02
8.007609558105468750e+01 6.786064147949218750e+01
8.559836578369140625e+01 6.951637268066406250e+01
9.673765563964843750e+01 7.044152832031250000e+01
1.029264450073242188e+02 6.919396972656250000e+01
1.079948348999023438e+02 7.186875915527343750e+01
1.241707916259765625e+02 7.180960083007812500e+01
1.376846160888671875e+02 7.172283935546875000e+01
1.258170318603515625e+02 5.890640258789062500e+01
1.162159347534179688e+02 5.224337768554687500e+01
1.074691314697265625e+02 4.991860961914062500e+01
9.800607299804687500e+01 5.000173950195312500e+01
8.937947082519531250e+01 5.526608276367187500e+01
8.038341522216796875e+01 6.799996948242187500e+01
9.589405059814453125e+01 6.585215759277343750e+01
1.033944702148437500e+02 6.705450439453125000e+01
1.141990203857421875e+02 6.730020141601562500e+01
1.372850036621093750e+02 7.185635375976562500e+01
1.143222274780273438e+02 5.954261779785156250e+01
1.054459228515625000e+02 5.770448303222656250e+01
9.778241729736328125e+01 5.948866271972656250e+01
