4.152118682861328125e+01 1.252372131347656250e+02
4.321806335449218750e+01 1.052993011474609375e+02
4.567559051513671875e+01 8.648892211914062500e+01
4.900341033935546875e+01 7.030116271972656250e+01
5.277731704711914062e+01 5.299850463867187500e+01
6.197530746459960938e+01 3.924563598632812500e+01
7.227147674560546875e+01 3.029902648925781250e+01
8.669967651367187500e+01 2.473191833496093750e+01
1.070299987792968750e+02 2.112234497070312500e+01
1.287671661376953125e+02 2.555699157714843750e+01
1.466757965087890625e+02 3.282461547851562500e+01
1.601455841064453125e+02 4.146527099609375000e+01
1.711516418457031250e+02 5.539700317382812500e+01
1.769995422363281250e+02 7.312724304199218750e+01
1.799476928710937500e+02 9.027287292480468750e+01
1.826874084472656250e+02 1.075724105834960938e+02
1.846524047851562500e+02 1.268421401977539062e+02
5.313648986816406250e+01 1.430267639160156250e+02
6.130003356933593750e+01 1.477394714355468750e+02
7.102088165283203125e+01 1.495549316406250000e+02
8.052643585205078125e+01 1.484208068847656250e+02
8.866189575195312500e+01 1.465590209960937500e+02
1.238882064819335938e+02 1.473222045898437500e+02
1.332593841552734375e+02 1.498787536621093750e+02
1.431796722412109375e+02 1.505914611816406250e+02
1.541780242919921875e+02 1.486296386718750000e+02
1.630200500488281250e+02 1.439165954589843750e+02
1.055597686767578125e+02 1.303581848144531250e+02
1.046207885742187500e+02 1.190427703857421875e+02
1.040453338623046875e+02 1.068781509399414062e+02
1.038825759887695312e+02 9.765300750732421875e+01
9.439020538330078125e+01 8.952792358398437500e+01
9.845897674560546875e+01 8.845394897460937500e+01
1.052591171264648438e+02 8.684799194335937500e+01
1.128938827514648438e+02 8.814654541015625000e+01
1.166755218505859375e+02 8.889596557617187500e+01
6.582190704345703125e+01 1.319255523681640625e+02
7.232664489746093750e+01 1.348317413330078125e+02
8.060485839843750000e+01 1.348903350830078125e+02
8.806468963623046875e+01 1.308304443359375000e+02
8.032811737060546875e+01 1.299169311523437500e+02
7.213648986816406250e+01 1.291093597412109375e+02
1.254442291259765625e+02 1.304664916992187500e+02
1.335234222412109375e+02 1.346048583984375000e+02
1.422416381835937500e+02 1.343582305908203125e+02
1.489308319091796875e+02 1.303554382324218750e+02
1.424218292236328125e+02 1.283592376708984375e+02
1.330733795166015625e+02 1.286999816894531250e+02
8.145691680908203125e+01 6.952583312988281250e+01
8.977277374267578125e+01 7.238529968261718750e+01
1.009156723022460938e+02 7.414596557617187500e+01
1.059720764160156250e+02 7.303924560546875000e+01
1.112395553588867188e+02 7.480311584472656250e+01
1.245098419189453125e+02 7.294927978515625000e+01
1.368521423339843750e+02 7.063801574707031250e+01
1.236694412231445312e+02 6.720564270019531250e+01
1.139384765625000000e+02 6.618562316894531250e+01
1.075791549682617188e+02 6.567881774902343750e+01
9.862002563476562500e+01 6.555278015136718750e+01
9.075315093994140625e+01 6.694833374023437500e+01
8.186656188964843750e+01 6.964633178710937500e+01
9.795020294189453125e+01 6.948472595214843750e+01
1.066205978393554688e+02 6.920623779296875000e+01
1.151919860839843750e+02 6.919551086425781250e+01
1.363422698974609375e+02 7.066795349121093750e+01
1.140528411865234375e+02 7.207028198242187500e+01
1.066478881835937500e+02 7.135374450683593750e+01
9.818528747558593750e+01 7.166459655761718750e+01
