2.090122795104980469e+01 1.416495666503906250e+02
2.293323516845703125e+01 1.229952239990234375e+02
2.402133560180664062e+01 1.052483139038085938e+02
2.639531517028808594e+01 8.754103088378906250e+01
3.332979583740234375e+01 7.135340881347656250e+01
4.490718460083007812e+01 5.476472473144531250e+01
6.074663162231445312e+01 4.197169494628906250e+01
8.145932769775390625e+01 2.990818786621093750e+01
1.048634872436523438e+02 2.191790771484375000e+01
1.252210159301757812e+02 2.469480895996093750e+01
1.361328887939453125e+02 3.335777282714843750e+01
1.427386016845703125e+02 4.317089843750000000e+01
1.489029693603515625e+02 5.781413269042968750e+01
1.539346008300781250e+02 7.603271484375000000e+01
1.568663177490234375e+02 9.083125305175781250e+01
1.618462371826171875e+02 1.076315536499023438e+02
1.643493041992187500e+02 1.245390777587890625e+02
6.700237274169921875e+01 1.600190429687500000e+02
7.976426696777343750e+01 1.651256866455078125e+02
9.170938873291015625e+01 1.657212371826171875e+02
1.022199172973632812e+02 1.635601806640625000e+02
1.097450103759765625e+02 1.598930664062500000e+02
1.434874725341796875e+02 1.569297790527343750e+02
1.513395996093750000e+02 1.584331512451171875e+02
1.591244812011718750e+02 1.577079925537109375e+02
1.666685791015625000e+02 1.537747192382812500e+02
1.704220275878906250e+02 1.466102600097656250e+02
1.264147872924804688e+02 1.369959411621093750e+02
1.265086898803710938e+02 1.241117172241210938e+02
1.277635803222656250e+02 1.116283035278320312e+02
1.262418670654296875e+02 1.028595428466796875e+02
1.083197631835937500e+02 9.707498168945312500e+01
1.134118194580078125e+02 9.553565979003906250e+01
1.204066238403320312e+02 9.365447998046875000e+01
1.274135513305664062e+02 9.379528808593750000e+01
1.305101470947265625e+02 9.436996459960937500e+01
7.909967803955078125e+01 1.442452087402343750e+02
8.859074401855468750e+01 1.474274597167968750e+02
9.695530700683593750e+01 1.461380157470703125e+02
1.031280288696289062e+02 1.409408874511718750e+02
9.677986145019531250e+01 1.410142517089843750e+02
8.801090240478515625e+01 1.409017028808593750e+02
1.387913970947265625e+02 1.364008483886718750e+02
1.479912261962890625e+02 1.402789459228515625e+02
1.562165679931640625e+02 1.390317993164062500e+02
1.602795410156250000e+02 1.342407836914062500e+02
1.547309875488281250e+02 1.325172119140625000e+02
1.462759246826171875e+02 1.339329681396484375e+02
8.323884582519531250e+01 7.792405700683593750e+01
9.712067413330078125e+01 8.290156555175781250e+01
1.138531723022460938e+02 8.435380554199218750e+01
1.187408905029296875e+02 8.288864135742187500e+01
1.252624130249023438e+02 8.373658752441406250e+01
1.345312500000000000e+02 7.863868713378906250e+01
1.392040405273437500e+02 7.166569519042968750e+01
1.310336914062500000e+02 6.193209838867187500e+01
1.228700332641601562e+02 5.878932189941406250e+01
1.150533065795898438e+02 5.908555603027343750e+01
1.048327026367187500e+02 6.047926330566406250e+01
9.472965240478515625e+01 6.716052246093750000e+01
8.361377716064453125e+01 7.804661560058593750e+01
1.082846374511718750e+02 7.867597961425781250e+01
1.185089340209960938e+02 7.861380004882812500e+01
1.256099548339843750e+02 7.656062316894531250e+01
1.385424346923828125e+02 7.183886718750000000e+01
1.235175018310546875e+02 6.512834167480468750e+01
1.143518829345703125e+02 6.558007812500000000e+01
1.061625289916992188e+02 6.805764770507812500e+01
