3.630252838134765625e+01 1.253445892333984375e+02
3.902522659301757812e+01 1.060097732543945312e+02
4.471617507934570312e+01 8.571571350097656250e+01
5.007357025146484375e+01 6.793786621093750000e+01
5.753741836547851562e+01 4.878126525878906250e+01
6.926875305175781250e+01 3.383291625976562500e+01
8.314285278320312500e+01 2.359873962402343750e+01
9.922788238525390625e+01 1.607572937011718750e+01
1.212572402954101562e+02 1.476338195800781250e+01
1.426582031250000000e+02 2.206376647949218750e+01
1.603696746826171875e+02 3.458775329589843750e+01
1.723927459716796875e+02 4.867001342773437500e+01
1.810696258544921875e+02 6.769528198242187500e+01
1.839089965820312500e+02 8.800433349609375000e+01
1.848997039794921875e+02 1.063261489868164062e+02
1.849563140869140625e+02 1.260881500244140625e+02
1.841108398437500000e+02 1.464219665527343750e+02
4.540934753417968750e+01 1.383191223144531250e+02
5.298499679565429688e+01 1.425179901123046875e+02
6.379006576538085938e+01 1.451993713378906250e+02
7.411194610595703125e+01 1.456379089355468750e+02
8.371025848388671875e+01 1.444158935546875000e+02
1.188894348144531250e+02 1.492223052978515625e+02
1.281180267333984375e+02 1.521591491699218750e+02
1.383828430175781250e+02 1.540123901367187500e+02
1.497124633789062500e+02 1.543798370361328125e+02
1.607322845458984375e+02 1.527467803955078125e+02
1.033680114746093750e+02 1.312098693847656250e+02
1.039615402221679688e+02 1.179790496826171875e+02
1.042295455932617188e+02 1.038043136596679688e+02
1.051850204467773438e+02 9.366798400878906250e+01
9.741237640380859375e+01 8.460191345214843750e+01
1.009217758178710938e+02 8.418800354003906250e+01
1.079835357666015625e+02 8.395228576660156250e+01
1.159832458496093750e+02 8.659678649902343750e+01
1.197573165893554688e+02 8.827691650390625000e+01
6.210800933837890625e+01 1.283067932128906250e+02
6.800498199462890625e+01 1.323994598388671875e+02
7.609101867675781250e+01 1.338197479248046875e+02
8.408753204345703125e+01 1.308545227050781250e+02
7.693395996093750000e+01 1.290198974609375000e+02
6.926447296142578125e+01 1.273326187133789062e+02
1.228689651489257812e+02 1.359623718261718750e+02
1.300695495605468750e+02 1.413646545410156250e+02
1.397331390380859375e+02 1.414180145263671875e+02
1.476419830322265625e+02 1.390785217285156250e+02
1.402118072509765625e+02 1.351843414306640625e+02
1.301046905517578125e+02 1.348411254882812500e+02
8.876117706298828125e+01 6.007995605468750000e+01
9.640227508544921875e+01 6.443792724609375000e+01
1.065529174804687500e+02 6.781747436523437500e+01
1.112525558471679688e+02 6.788067626953125000e+01
1.158494567871093750e+02 6.908816528320312500e+01
1.295504760742187500e+02 7.012184143066406250e+01
1.403280029296875000e+02 6.956587219238281250e+01
1.304489135742187500e+02 6.123704528808593750e+01
1.211305847167968750e+02 5.820721435546875000e+01
1.141354446411132812e+02 5.581552124023437500e+01
1.061528244018554688e+02 5.484800720214843750e+01
9.821389770507812500e+01 5.643138122558593750e+01
8.946672058105468750e+01 6.024229431152343750e+01
1.052587203979492188e+02 6.254591369628906250e+01
1.121102523803710938e+02 6.370587158203125000e+01
1.201466751098632812e+02 6.453132629394531250e+01
1.400987548828125000e+02 6.973699951171875000e+01
1.203542861938476562e+02 6.436247253417968750e+01
1.130486984252929688e+02 6.350527954101562500e+01
1.066862792968750000e+02 6.291035461425781250e+01
