7.670476531982421875e+01 1.384249877929687500e+02
7.825451660156250000e+01 1.223240051269531250e+02
8.185395812988281250e+01 1.062051239013671875e+02
8.390034484863281250e+01 9.114605712890625000e+01
8.438767242431640625e+01 7.380076599121093750e+01
8.623022460937500000e+01 5.970819091796875000e+01
8.611601257324218750e+01 4.953965759277343750e+01
8.962031555175781250e+01 3.897421264648437500e+01
1.028080139160156250e+02 3.273031616210937500e+01
1.226947937011718750e+02 3.630308532714843750e+01
1.436618194580078125e+02 4.372703552246093750e+01
1.616617126464843750e+02 5.322474670410156250e+01
1.756061859130859375e+02 6.669166564941406250e+01
1.830622100830078125e+02 8.277616882324218750e+01
1.882876739501953125e+02 9.753199005126953125e+01
1.903194732666015625e+02 1.146849060058593750e+02
1.941053771972656250e+02 1.316865692138671875e+02
6.338133239746093750e+01 1.551880950927734375e+02
6.509070587158203125e+01 1.616977844238281250e+02
6.993977355957031250e+01 1.623326721191406250e+02
7.573159790039062500e+01 1.604575500488281250e+02
8.126387023925781250e+01 1.576862792968750000e+02
1.116620178222656250e+02 1.571299743652343750e+02
1.198482208251953125e+02 1.592052917480468750e+02
1.307406616210937500e+02 1.597012939453125000e+02
1.416681060791015625e+02 1.566613769531250000e+02
1.531826782226562500e+02 1.499476776123046875e+02
9.491915130615234375e+01 1.343346252441406250e+02
9.132409667968750000e+01 1.203602447509765625e+02
8.785285186767578125e+01 1.067989730834960938e+02
8.713028717041015625e+01 9.669973754882812500e+01
8.615216827392578125e+01 9.040573120117187500e+01
8.800374603271484375e+01 8.924105834960937500e+01
9.236302185058593750e+01 8.776692199707031250e+01
9.873677062988281250e+01 8.850381469726562500e+01
1.020483703613281250e+02 8.912121582031250000e+01
6.946859741210937500e+01 1.390300598144531250e+02
7.217993927001953125e+01 1.424681701660156250e+02
7.890883636474609375e+01 1.415571289062500000e+02
8.635471343994140625e+01 1.370704956054687500e+02
7.888993072509765625e+01 1.358630218505859375e+02
7.239591217041015625e+01 1.363399658203125000e+02
1.171442413330078125e+02 1.343413696289062500e+02
1.236082763671875000e+02 1.388981933593750000e+02
1.302450714111328125e+02 1.382639465332031250e+02
1.399908294677734375e+02 1.342528533935546875e+02
1.312845306396484375e+02 1.316091766357421875e+02
1.222455596923828125e+02 1.322397766113281250e+02
8.089126586914062500e+01 7.144065856933593750e+01
8.139443206787109375e+01 7.397525024414062500e+01
8.763520812988281250e+01 7.596472167968750000e+01
9.119423675537109375e+01 7.502192687988281250e+01
9.549110412597656250e+01 7.577764892578125000e+01
1.059188232421875000e+02 7.149472045898437500e+01
1.160937347412109375e+02 6.708531188964843750e+01
1.065472106933593750e+02 6.096694946289062500e+01
9.831372070312500000e+01 5.937573242187500000e+01
9.201996612548828125e+01 5.974423217773437500e+01
8.667101287841796875e+01 6.077482604980468750e+01
8.245845031738281250e+01 6.468339538574218750e+01
8.138962554931640625e+01 7.144311523437500000e+01
8.758015441894531250e+01 7.080111694335937500e+01
9.147682952880859375e+01 7.106445312500000000e+01
9.856758117675781250e+01 6.976802062988281250e+01
1.159016952514648438e+02 6.706970214843750000e+01
9.795546722412109375e+01 6.731823730468750000e+01
9.211382293701171875e+01 6.768252563476562500e+01
8.771302032470703125e+01 6.785935974121093750e+01
