4.618116760253906250e+01 1.135694885253906250e+02
5.002231216430664062e+01 9.658421325683593750e+01
5.364558792114257812e+01 8.158679199218750000e+01
5.664921569824218750e+01 6.822303771972656250e+01
6.201716613769531250e+01 5.527690124511718750e+01
7.021886444091796875e+01 4.610275268554687500e+01
7.928749847412109375e+01 4.176098632812500000e+01
9.155052185058593750e+01 4.144049072265625000e+01
1.110402297973632812e+02 3.998487854003906250e+01
1.308604583740234375e+02 4.110449218750000000e+01
1.475905914306640625e+02 4.138511657714843750e+01
1.618536529541015625e+02 4.527511596679687500e+01
1.719279327392578125e+02 5.416979980468750000e+01
1.791539154052734375e+02 6.811584472656250000e+01
1.821159820556640625e+02 8.220687866210937500e+01
1.845377807617187500e+02 1.003948211669921875e+02
1.875790252685546875e+02 1.200123291015625000e+02
5.552394485473632812e+01 1.478762207031250000e+02
6.340505218505859375e+01 1.566635131835937500e+02
7.289774322509765625e+01 1.613261413574218750e+02
8.210298156738281250e+01 1.619752807617187500e+02
9.017063903808593750e+01 1.601433410644531250e+02
1.238134460449218750e+02 1.607549285888671875e+02
1.325069274902343750e+02 1.623985290527343750e+02
1.432469329833984375e+02 1.631709289550781250e+02
1.540623016357421875e+02 1.598025512695312500e+02
1.640939941406250000e+02 1.524582214355468750e+02
1.080312347412109375e+02 1.481053619384765625e+02
1.082516555786132812e+02 1.400293884277343750e+02
1.078449478149414062e+02 1.320141143798828125e+02
1.072819747924804688e+02 1.239410247802734375e+02
9.853950500488281250e+01 1.088302688598632812e+02
1.026279754638671875e+02 1.092157592773437500e+02
1.076416244506835938e+02 1.087164001464843750e+02
1.141452865600585938e+02 1.094366226196289062e+02
1.179087142944335938e+02 1.090145187377929688e+02
6.890172576904296875e+01 1.386560974121093750e+02
7.537783050537109375e+01 1.432298583984375000e+02
8.277687072753906250e+01 1.450827331542968750e+02
8.988562774658203125e+01 1.415664062500000000e+02
8.367845153808593750e+01 1.405612335205078125e+02
7.589167022705078125e+01 1.385011291503906250e+02
1.260272827148437500e+02 1.427072448730468750e+02
1.348024291992187500e+02 1.471674041748046875e+02
1.443426208496093750e+02 1.465836791992187500e+02
1.512384490966796875e+02 1.416853637695312500e+02
1.439683685302734375e+02 1.402377319335937500e+02
1.332655181884765625e+02 1.408856506347656250e+02
8.658066558837890625e+01 8.128396606445312500e+01
9.377159881591796875e+01 8.963009643554687500e+01
1.037457275390625000e+02 9.405213928222656250e+01
1.077482833862304688e+02 9.326963806152343750e+01
1.119608230590820312e+02 9.544523620605468750e+01
1.238165969848632812e+02 9.093103027343750000e+01
1.330647735595703125e+02 8.356690979003906250e+01
1.236064834594726562e+02 8.184228515625000000e+01
1.158732299804687500e+02 8.022686767578125000e+01
1.092827606201171875e+02 8.010235595703125000e+01
1.020206222534179688e+02 7.919349670410156250e+01
9.441020965576171875e+01 8.044473266601562500e+01
8.722266387939453125e+01 8.131956481933593750e+01
1.014195327758789062e+02 8.764285278320312500e+01
1.078577651977539062e+02 8.846777343750000000e+01
1.150390625000000000e+02 8.878874206542968750e+01
1.324635772705078125e+02 8.369812011718750000e+01
1.150608367919921875e+02 8.743380737304687500e+01
1.083779907226562500e+02 8.743948364257812500e+01
1.018639068603515625e+02 8.752360534667968750e+01
