3.437212753295898438e+01 1.417922210693359375e+02
3.643140029907226562e+01 1.240914840698242188e+02
3.820689010620117188e+01 1.057506866455078125e+02
4.114223861694335938e+01 8.835343933105468750e+01
4.763469314575195312e+01 6.951205444335937500e+01
5.872034072875976562e+01 5.264718627929687500e+01
7.431011199951171875e+01 4.044349670410156250e+01
9.119674682617187500e+01 2.801995849609375000e+01
1.142799377441406250e+02 1.939953613281250000e+01
1.337511138916015625e+02 2.405191040039062500e+01
1.438877258300781250e+02 3.282928466796875000e+01
1.505300292968750000e+02 4.501683044433593750e+01
1.568610076904296875e+02 5.951875305175781250e+01
1.628387298583984375e+02 7.902891540527343750e+01
1.652500305175781250e+02 9.512673187255859375e+01
1.700546875000000000e+02 1.147878112792968750e+02
1.729818572998046875e+02 1.352600708007812500e+02
7.171537780761718750e+01 1.571140136718750000e+02
8.414527893066406250e+01 1.605418701171875000e+02
9.691946411132812500e+01 1.608476562500000000e+02
1.068332595825195312e+02 1.583208007812500000e+02
1.154587936401367188e+02 1.550924377441406250e+02
1.497793731689453125e+02 1.524530944824218750e+02
1.578262023925781250e+02 1.539619750976562500e+02
1.665016937255859375e+02 1.547607116699218750e+02
1.741184997558593750e+02 1.527613525390625000e+02
1.772116851806640625e+02 1.488398284912109375e+02
1.327127227783203125e+02 1.377675018310546875e+02
1.345474395751953125e+02 1.255914840698242188e+02
1.370905303955078125e+02 1.137703323364257812e+02
1.359465026855468750e+02 1.034472732543945312e+02
1.173290176391601562e+02 9.757553100585937500e+01
1.221482086181640625e+02 9.597431182861328125e+01
1.297304229736328125e+02 9.387838745117187500e+01
1.360314788818359375e+02 9.431393432617187500e+01
1.392125549316406250e+02 9.480551147460937500e+01
8.448486328125000000e+01 1.441179351806640625e+02
9.392564392089843750e+01 1.462221984863281250e+02
1.020966644287109375e+02 1.452666778564453125e+02
1.078223495483398438e+02 1.406073455810546875e+02
1.017999954223632812e+02 1.405343322753906250e+02
9.306162261962890625e+01 1.408120422363281250e+02
1.446433868408203125e+02 1.378400726318359375e+02
1.535086364746093750e+02 1.413175964355468750e+02
1.618726806640625000e+02 1.398135681152343750e+02
1.652225799560546875e+02 1.367138977050781250e+02
1.607636566162109375e+02 1.340487060546875000e+02
1.526150360107421875e+02 1.348890686035156250e+02
9.328199768066406250e+01 7.731747436523437500e+01
1.068909530639648438e+02 8.210484313964843750e+01
1.221916122436523438e+02 8.374084472656250000e+01
1.276939392089843750e+02 8.141670227050781250e+01
1.327784576416015625e+02 8.113922119140625000e+01
1.417409973144531250e+02 7.640136718750000000e+01
1.451918029785156250e+02 6.953782653808593750e+01
1.381901550292968750e+02 6.011051940917968750e+01
1.312278747558593750e+02 5.599830627441406250e+01
1.238557968139648438e+02 5.609002685546875000e+01
1.137760162353515625e+02 5.825335693359375000e+01
1.046664581298828125e+02 6.488662719726562500e+01
9.367726898193359375e+01 7.742327880859375000e+01
1.172516479492187500e+02 7.787623596191406250e+01
1.266626434326171875e+02 7.692219543457031250e+01
1.326235504150390625e+02 7.590112304687500000e+01
1.445704345703125000e+02 6.973443603515625000e+01
1.314347229003906250e+02 6.376905822753906250e+01
1.237741546630859375e+02 6.384252929687500000e+01
1.149733581542968750e+02 6.663217163085937500e+01
