5.062935256958007812e+01 1.476650085449218750e+02
4.796426391601562500e+01 1.273088607788085938e+02
5.003013610839843750e+01 1.123379211425781250e+02
5.201570510864257812e+01 9.735707092285156250e+01
5.402902603149414062e+01 8.051081848144531250e+01
5.949546432495117188e+01 6.505914306640625000e+01
6.627222442626953125e+01 5.270138549804687500e+01
7.654948425292968750e+01 4.071717834472656250e+01
9.448847198486328125e+01 3.165748596191406250e+01
1.147978057861328125e+02 3.301686096191406250e+01
1.304834594726562500e+02 4.029576110839843750e+01
1.430284576416015625e+02 4.839274597167968750e+01
1.549555206298828125e+02 6.039514160156250000e+01
1.632326660156250000e+02 7.513548278808593750e+01
1.705501403808593750e+02 8.938493347167968750e+01
1.772592315673828125e+02 1.040858840942382812e+02
1.827543487548828125e+02 1.237643890380859375e+02
6.356300735473632812e+01 1.583397521972656250e+02
7.218881988525390625e+01 1.625464935302734375e+02
8.182886505126953125e+01 1.611744842529296875e+02
9.110948944091796875e+01 1.561344909667968750e+02
9.883775329589843750e+01 1.505873260498046875e+02
1.363065032958984375e+02 1.426980133056640625e+02
1.462501831054687500e+02 1.446791076660156250e+02
1.567023620605468750e+02 1.456244201660156250e+02
1.669173736572265625e+02 1.426007232666015625e+02
1.737739257812500000e+02 1.369132690429687500e+02
1.129528427124023438e+02 1.260028457641601562e+02
1.089654006958007812e+02 1.143120574951171875e+02
1.068510894775390625e+02 1.009247512817382812e+02
1.048810577392578125e+02 9.152607727050781250e+01
9.465754699707031250e+01 8.921656799316406250e+01
9.844866180419921875e+01 8.693516540527343750e+01
1.039723587036132812e+02 8.459945678710937500e+01
1.111870956420898438e+02 8.444332885742187500e+01
1.147209854125976562e+02 8.473847961425781250e+01
7.115708160400390625e+01 1.403797302246093750e+02
7.772512817382812500e+01 1.418495178222656250e+02
8.741167449951171875e+01 1.390922851562500000e+02
9.430467987060546875e+01 1.343857269287109375e+02
8.588557434082031250e+01 1.340398254394531250e+02
7.659360504150390625e+01 1.362527465820312500e+02
1.336003265380859375e+02 1.254668731689453125e+02
1.433359527587890625e+02 1.297518157958984375e+02
1.529909210205078125e+02 1.271450042724609375e+02
1.591670837402343750e+02 1.222606735229492188e+02
1.513147125244140625e+02 1.203898391723632812e+02
1.414844665527343750e+02 1.216254425048828125e+02
7.859768676757812500e+01 7.346018981933593750e+01
8.646119689941406250e+01 7.489822387695312500e+01
9.705352783203125000e+01 7.481129455566406250e+01
1.020969467163085938e+02 7.302857971191406250e+01
1.069686279296875000e+02 7.355575561523437500e+01
1.174914703369140625e+02 6.861186218261718750e+01
1.246112213134765625e+02 6.396719360351562500e+01
1.152573928833007812e+02 5.722230529785156250e+01
1.062975311279296875e+02 5.537034606933593750e+01
9.954399108886718750e+01 5.560630798339843750e+01
9.091223907470703125e+01 5.835816955566406250e+01
8.401022338867187500e+01 6.439675903320312500e+01
7.927120971679687500e+01 7.359368896484375000e+01
9.416333770751953125e+01 7.051089477539062500e+01
1.016285247802734375e+02 6.871388244628906250e+01
1.081435165405273438e+02 6.790036010742187500e+01
1.241426925659179688e+02 6.415184020996093750e+01
1.077309875488281250e+02 6.349159240722656250e+01
1.003104934692382812e+02 6.370452880859375000e+01
9.425574493408203125e+01 6.696629333496093750e+01
