7.157328033447265625e+01 1.455421905517578125e+02
7.071088409423828125e+01 1.288396301269531250e+02
7.368341064453125000e+01 1.096798477172851562e+02
7.379109191894531250e+01 9.340504455566406250e+01
7.452991485595703125e+01 7.294309997558593750e+01
7.528878784179687500e+01 5.844265747070312500e+01
7.650760650634765625e+01 4.744816589355468750e+01
8.119721221923828125e+01 3.682243347167968750e+01
9.489949035644531250e+01 3.114935302734375000e+01
1.156256866455078125e+02 3.257888793945312500e+01
1.376369934082031250e+02 3.914311218261718750e+01
1.575543212890625000e+02 4.761206054687500000e+01
1.736439208984375000e+02 6.027635192871093750e+01
1.837655334472656250e+02 7.693864440917968750e+01
1.896903991699218750e+02 9.294230651855468750e+01
1.951746826171875000e+02 1.091334838867187500e+02
2.006228027343750000e+02 1.261849288940429688e+02
6.264493942260742188e+01 1.644914855957031250e+02
6.619416046142578125e+01 1.706739807128906250e+02
7.224983978271484375e+01 1.722379150390625000e+02
7.939176940917968750e+01 1.701007690429687500e+02
8.565507507324218750e+01 1.661997680664062500e+02
1.176998291015625000e+02 1.615648193359375000e+02
1.269668197631835938e+02 1.618925628662109375e+02
1.373534545898437500e+02 1.618157958984375000e+02
1.497243804931640625e+02 1.579006500244140625e+02
1.617967071533203125e+02 1.495912017822265625e+02
9.722978973388671875e+01 1.439077148437500000e+02
9.232209014892578125e+01 1.328023834228515625e+02
8.708703613281250000e+01 1.235129623413085938e+02
8.545240783691406250e+01 1.152972259521484375e+02
8.289939117431640625e+01 1.061767044067382812e+02
8.452448272705078125e+01 1.050928421020507812e+02
8.939138793945312500e+01 1.028343887329101562e+02
9.634667968750000000e+01 1.031406402587890625e+02
1.001818466186523438e+02 1.031117095947265625e+02
6.927467346191406250e+01 1.477370910644531250e+02
7.253743743896484375e+01 1.508210449218750000e+02
7.984519195556640625e+01 1.500992431640625000e+02
8.735430908203125000e+01 1.453688354492187500e+02
7.963373565673828125e+01 1.448106689453125000e+02
7.225341796875000000e+01 1.449808349609375000e+02
1.222662887573242188e+02 1.405797729492187500e+02
1.287707214355468750e+02 1.431484680175781250e+02
1.367718353271484375e+02 1.421436157226562500e+02
1.451435699462890625e+02 1.373937072753906250e+02
1.364134674072265625e+02 1.361629638671875000e+02
1.280015258789062500e+02 1.377467651367187500e+02
7.614087677001953125e+01 8.117915344238281250e+01
7.569137573242187500e+01 8.837234497070312500e+01
8.400013732910156250e+01 9.054017639160156250e+01
8.794512939453125000e+01 8.964443969726562500e+01
9.189500427246093750e+01 8.992260742187500000e+01
1.065010299682617188e+02 8.277377319335937500e+01
1.193834228515625000e+02 7.164039611816406250e+01
1.076839218139648438e+02 6.269778442382812500e+01
9.790695190429687500e+01 5.924803161621093750e+01
9.018785095214843750e+01 5.939439392089843750e+01
8.316963195800781250e+01 6.108038330078125000e+01
7.751872253417968750e+01 6.675726318359375000e+01
7.635928344726562500e+01 8.136730957031250000e+01
8.321236419677734375e+01 8.421971130371093750e+01
8.819309997558593750e+01 8.395849609375000000e+01
9.636103820800781250e+01 8.125004577636718750e+01
1.187533187866210938e+02 7.179988098144531250e+01
9.736354064941406250e+01 6.625643920898437500e+01
8.955696105957031250e+01 6.711273193359375000e+01
8.413913726806640625e+01 6.820108032226562500e+01
