5.466470336914062500e+01 1.348641967773437500e+02
5.489482498168945312e+01 1.176450424194335938e+02
5.696953201293945312e+01 1.002080307006835938e+02
5.951796340942382812e+01 8.401028442382812500e+01
6.304111862182617188e+01 6.668634033203125000e+01
6.789033508300781250e+01 5.222834777832031250e+01
7.361617279052734375e+01 4.183421325683593750e+01
8.394987487792968750e+01 3.279016113281250000e+01
1.017819290161132812e+02 2.661326599121093750e+01
1.229911804199218750e+02 3.151306152343750000e+01
1.420008850097656250e+02 3.945460510253906250e+01
1.586114349365234375e+02 4.884747314453125000e+01
1.714773559570312500e+02 6.367813110351562500e+01
1.788386383056640625e+02 8.036203002929687500e+01
1.835113372802734375e+02 9.585587310791015625e+01
1.865344848632812500e+02 1.137052307128906250e+02
1.880671386718750000e+02 1.340172119140625000e+02
5.732204437255859375e+01 1.497638244628906250e+02
6.290264892578125000e+01 1.550166931152343750e+02
7.089997863769531250e+01 1.565756988525390625e+02
7.910437011718750000e+01 1.562640838623046875e+02
8.611665344238281250e+01 1.540745544433593750e+02
1.192195129394531250e+02 1.529359436035156250e+02
1.284221801757812500e+02 1.550470581054687500e+02
1.383157043457031250e+02 1.562640991210937500e+02
1.492081604003906250e+02 1.540710144042968750e+02
1.597200317382812500e+02 1.498717956542968750e+02
1.011421127319335938e+02 1.367709197998046875e+02
9.888065338134765625e+01 1.242684249877929688e+02
9.775631713867187500e+01 1.115977783203125000e+02
9.662693023681640625e+01 1.013488006591796875e+02
9.041972351074218750e+01 9.426150512695312500e+01
9.357788085937500000e+01 9.355245971679687500e+01
9.950682067871093750e+01 9.162091064453125000e+01
1.067532577514648438e+02 9.284014892578125000e+01
1.098859786987304688e+02 9.341035461425781250e+01
6.695838165283203125e+01 1.376915130615234375e+02
7.183831024169921875e+01 1.410273437500000000e+02
7.981333160400390625e+01 1.413180999755859375e+02
8.715701293945312500e+01 1.373105468750000000e+02
7.969984436035156250e+01 1.367886962890625000e+02
7.208017730712890625e+01 1.356295013427734375e+02
1.230667037963867188e+02 1.366205291748046875e+02
1.299399414062500000e+02 1.405151519775390625e+02
1.376445770263671875e+02 1.404686279296875000e+02
1.459841308593750000e+02 1.366346130371093750e+02
1.383844146728515625e+02 1.341808319091796875e+02
1.292026977539062500e+02 1.345773773193359375e+02
7.857029724121093750e+01 7.219784545898437500e+01
8.481192779541015625e+01 7.610075378417968750e+01
9.323244476318359375e+01 7.809617614746093750e+01
9.820070648193359375e+01 7.697419738769531250e+01
1.026182098388671875e+02 7.802388000488281250e+01
1.152658309936523438e+02 7.469996643066406250e+01
1.258927154541015625e+02 6.978382873535156250e+01
1.155764236450195312e+02 6.147009277343750000e+01
1.062691421508789062e+02 5.893574523925781250e+01
9.930919647216796875e+01 5.886276245117187500e+01
9.117333221435546875e+01 5.956669616699218750e+01
8.465802764892578125e+01 6.378877258300781250e+01
7.927587127685546875e+01 7.231469726562500000e+01
9.194481658935546875e+01 7.272064208984375000e+01
9.829042816162109375e+01 7.229493713378906250e+01
1.064236679077148438e+02 7.186148071289062500e+01
1.256119995117187500e+02 6.991468811035156250e+01
1.056368255615234375e+02 6.569842529296875000e+01
9.798180389404296875e+01 6.630035400390625000e+01
9.177066802978515625e+01 6.752046203613281250e+01
