3.596574783325195312e+01 1.209435119628906250e+02
3.939810562133789062e+01 1.019034423828125000e+02
4.512657546997070312e+01 8.275180053710937500e+01
5.160778808593750000e+01 6.664398193359375000e+01
6.046623229980468750e+01 4.890159606933593750e+01
7.285273742675781250e+01 3.583236694335937500e+01
8.692643737792968750e+01 2.680203247070312500e+01
1.046863098144531250e+02 2.054054260253906250e+01
1.291979064941406250e+02 2.176719665527343750e+01
1.484492950439453125e+02 2.955422973632812500e+01
1.630742645263671875e+02 4.179525756835937500e+01
1.724663543701171875e+02 5.582325744628906250e+01
1.795603790283203125e+02 7.451477050781250000e+01
1.792953796386718750e+02 9.411216735839843750e+01
1.793863983154296875e+02 1.134212265014648438e+02
1.789365692138671875e+02 1.316922149658203125e+02
1.777119903564453125e+02 1.524296722412109375e+02
4.685037231445312500e+01 1.390652465820312500e+02
5.420000457763671875e+01 1.459407958984375000e+02
6.497844696044921875e+01 1.499092102050781250e+02
7.510691070556640625e+01 1.512644500732421875e+02
8.456590270996093750e+01 1.509408264160156250e+02
1.211522598266601562e+02 1.586848297119140625e+02
1.302144927978515625e+02 1.631840820312500000e+02
1.396437683105468750e+02 1.663681640625000000e+02
1.497523956298828125e+02 1.669081573486328125e+02
1.585121765136718750e+02 1.628317718505859375e+02
1.067904663085937500e+02 1.364104003906250000e+02
1.079795150756835938e+02 1.231401367187500000e+02
1.112024383544921875e+02 1.100180740356445312e+02
1.130761413574218750e+02 1.009315109252929688e+02
1.036532974243164062e+02 9.072647094726562500e+01
1.082075424194335938e+02 9.047564697265625000e+01
1.145463867187500000e+02 9.057495117187500000e+01
1.220311050415039062e+02 9.361203002929687500e+01
1.255095062255859375e+02 9.462837219238281250e+01
6.426960754394531250e+01 1.294745483398437500e+02
7.012339019775390625e+01 1.336438903808593750e+02
7.906949615478515625e+01 1.355350036621093750e+02
8.737886047363281250e+01 1.333561859130859375e+02
7.949080657958984375e+01 1.308294067382812500e+02
7.127318572998046875e+01 1.287161560058593750e+02
1.235087814331054688e+02 1.407854003906250000e+02
1.323748474121093750e+02 1.464095611572265625e+02
1.409242401123046875e+02 1.477026672363281250e+02
1.476398773193359375e+02 1.459614715576171875e+02
1.414774017333984375e+02 1.411708526611328125e+02
1.322517089843750000e+02 1.397837524414062500e+02
9.535417175292968750e+01 6.458576965332031250e+01
1.026791458129882812e+02 6.990403747558593750e+01
1.132249908447265625e+02 7.457725524902343750e+01
1.189401092529296875e+02 7.397854614257812500e+01
1.236499481201171875e+02 7.610371398925781250e+01
1.363028869628906250e+02 7.594210815429687500e+01
1.463386993408203125e+02 7.481463623046875000e+01
1.363582916259765625e+02 6.776943969726562500e+01
1.277881317138671875e+02 6.359478759765625000e+01
1.213384323120117188e+02 6.265307617187500000e+01
1.138865432739257812e+02 6.178233337402343750e+01
1.049241027832031250e+02 6.225610351562500000e+01
9.580643463134765625e+01 6.463597106933593750e+01
1.120348892211914062e+02 6.899713134765625000e+01
1.190595092773437500e+02 6.960354614257812500e+01
1.271821060180664062e+02 7.122248840332031250e+01
1.461280517578125000e+02 7.486363220214843750e+01
1.272294616699218750e+02 7.146800231933593750e+01
1.199499511718750000e+02 6.917312622070312500e+01
1.120541229248046875e+02 6.829661560058593750e+01
