6.066514968872070312e+01 1.202089157104492188e+02
6.282304763793945312e+01 1.046127166748046875e+02
7.018920135498046875e+01 8.928511047363281250e+01
7.438912963867187500e+01 7.373217773437500000e+01
7.887710571289062500e+01 5.718406677246093750e+01
8.566957092285156250e+01 4.590531921386718750e+01
9.200775909423828125e+01 3.803155517578125000e+01
1.009576263427734375e+02 3.193910217285156250e+01
1.183069076538085938e+02 3.147175598144531250e+01
1.380027618408203125e+02 4.086090087890625000e+01
1.550011901855468750e+02 5.220785522460937500e+01
1.708169250488281250e+02 6.540336608886718750e+01
1.812173767089843750e+02 8.180212402343750000e+01
1.858177490234375000e+02 9.962141418457031250e+01
1.865090942382812500e+02 1.160682067871093750e+02
1.869887695312500000e+02 1.341538543701171875e+02
1.867376708984375000e+02 1.530712585449218750e+02
4.818125152587890625e+01 1.437585449218750000e+02
5.102933883666992188e+01 1.515982513427734375e+02
5.764991760253906250e+01 1.551728057861328125e+02
6.434495544433593750e+01 1.555189819335937500e+02
7.130393218994140625e+01 1.552915039062500000e+02
1.038031616210937500e+02 1.636234436035156250e+02
1.122015609741210938e+02 1.687449645996093750e+02
1.230535049438476562e+02 1.718785247802734375e+02
1.361128082275390625e+02 1.717972259521484375e+02
1.487130889892578125e+02 1.660029602050781250e+02
9.047643280029296875e+01 1.388336029052734375e+02
9.053884124755859375e+01 1.278577804565429688e+02
8.912594604492187500e+01 1.172408981323242188e+02
9.037302398681640625e+01 1.076960754394531250e+02
8.874459075927734375e+01 9.656475067138671875e+01
9.176554870605468750e+01 9.638611602783203125e+01
9.787951660156250000e+01 9.710769653320312500e+01
1.042933578491210938e+02 9.886517333984375000e+01
1.078793792724609375e+02 1.003089599609375000e+02
5.966067504882812500e+01 1.315501556396484375e+02
6.314822006225585938e+01 1.350261840820312500e+02
7.024100494384765625e+01 1.360601196289062500e+02
7.820616149902343750e+01 1.341831054687500000e+02
7.166037750244140625e+01 1.312680358886718750e+02
6.411249542236328125e+01 1.294082641601562500e+02
1.144015121459960938e+02 1.419384918212890625e+02
1.204718170166015625e+02 1.485476684570312500e+02
1.291040649414062500e+02 1.498665771484375000e+02
1.376804199218750000e+02 1.476246337890625000e+02
1.305825958251953125e+02 1.429298095703125000e+02
1.209478912353515625e+02 1.410116271972656250e+02
8.487058258056640625e+01 7.002629089355468750e+01
8.700475311279296875e+01 7.696380615234375000e+01
9.464935302734375000e+01 8.290312194824218750e+01
9.937538146972656250e+01 8.246499633789062500e+01
1.040455703735351562e+02 8.473727416992187500e+01
1.188107910156250000e+02 8.338937377929687500e+01
1.312904357910156250e+02 7.931201171875000000e+01
1.211777343750000000e+02 6.962170410156250000e+01
1.128861999511718750e+02 6.470533752441406250e+01
1.059202117919921875e+02 6.227806091308593750e+01
9.812572479248046875e+01 6.110873413085937500e+01
9.098540496826171875e+01 6.347528076171875000e+01
8.548246765136718750e+01 7.024789428710937500e+01
9.527714538574218750e+01 7.568400573730468750e+01
1.017908554077148438e+02 7.783470153808593750e+01
1.099167404174804688e+02 7.943948364257812500e+01
1.306466369628906250e+02 7.940805053710937500e+01
1.110762481689453125e+02 7.172224426269531250e+01
1.040132217407226562e+02 7.010693359375000000e+01
9.652097320556640625e+01 6.827961730957031250e+01
