3.654491424560546875e+01 1.278498306274414062e+02
3.798624038696289062e+01 1.087222442626953125e+02
4.172711181640625000e+01 8.989611816406250000e+01
4.664505767822265625e+01 7.328657531738281250e+01
5.360957336425781250e+01 5.475187683105468750e+01
6.442260742187500000e+01 4.144355773925781250e+01
7.663819122314453125e+01 3.291127014160156250e+01
9.281530761718750000e+01 2.618122863769531250e+01
1.150459213256835938e+02 2.338693237304687500e+01
1.352041168212890625e+02 2.813172912597656250e+01
1.501258239746093750e+02 3.670530700683593750e+01
1.598493347167968750e+02 4.728904724121093750e+01
1.676616973876953125e+02 6.259700012207031250e+01
1.723349914550781250e+02 8.067840576171875000e+01
1.758643951416015625e+02 9.796490478515625000e+01
1.776965332031250000e+02 1.160565795898437500e+02
1.784531402587890625e+02 1.362211303710937500e+02
5.282926940917968750e+01 1.461542663574218750e+02
6.108477783203125000e+01 1.529362030029296875e+02
7.306402587890625000e+01 1.544239501953125000e+02
8.409257507324218750e+01 1.539843292236328125e+02
9.311624145507812500e+01 1.520460510253906250e+02
1.295536346435546875e+02 1.533209533691406250e+02
1.383244781494140625e+02 1.561673583984375000e+02
1.474227600097656250e+02 1.576690673828125000e+02
1.574252777099609375e+02 1.564086303710937500e+02
1.650380249023437500e+02 1.519069824218750000e+02
1.124791030883789062e+02 1.358969726562500000e+02
1.135918731689453125e+02 1.228950805664062500e+02
1.148070373535156250e+02 1.088784942626953125e+02
1.151318664550781250e+02 9.848681640625000000e+01
1.035230636596679688e+02 8.958761596679687500e+01
1.078977584838867188e+02 8.871476745605468750e+01
1.147423400878906250e+02 8.764369201660156250e+01
1.214231872558593750e+02 8.979747009277343750e+01
1.251612854003906250e+02 9.077760314941406250e+01
6.694911956787109375e+01 1.331173095703125000e+02
7.405500030517578125e+01 1.374652404785156250e+02
8.336805725097656250e+01 1.381107788085937500e+02
9.068974304199218750e+01 1.343678131103515625e+02
8.333613586425781250e+01 1.330087890625000000e+02
7.487806701660156250e+01 1.316295471191406250e+02
1.307068023681640625e+02 1.374114074707031250e+02
1.380294494628906250e+02 1.420543518066406250e+02
1.465134277343750000e+02 1.417048645019531250e+02
1.530228729248046875e+02 1.387741394042968750e+02
1.465214538574218750e+02 1.359336853027343750e+02
1.379342651367187500e+02 1.358054046630859375e+02
8.966326141357421875e+01 6.672979736328125000e+01
9.916086578369140625e+01 7.073472595214843750e+01
1.103424453735351562e+02 7.359899902343750000e+01
1.155745620727539062e+02 7.304176330566406250e+01
1.201000061035156250e+02 7.546136474609375000e+01
1.310437469482421875e+02 7.347373962402343750e+01
1.391217041015625000e+02 7.135185241699218750e+01
1.310444793701171875e+02 6.446560668945312500e+01
1.232078552246093750e+02 6.138581848144531250e+01
1.159720230102539062e+02 6.009786987304687500e+01
1.084513854980468750e+02 6.030480957031250000e+01
1.003982849121093750e+02 6.227030944824218750e+01
8.991575622558593750e+01 6.672984313964843750e+01
1.081545562744140625e+02 6.829589843750000000e+01
1.150002822875976562e+02 6.874340820312500000e+01
1.229708786010742188e+02 6.969525146484375000e+01
1.385098114013671875e+02 7.142910766601562500e+01
1.227043914794921875e+02 6.805152893066406250e+01
1.159118423461914062e+02 6.768836975097656250e+01
1.081914367675781250e+02 6.793804931640625000e+01
