5.094358444213867188e+01 1.394902954101562500e+02
5.104371261596679688e+01 1.201267623901367188e+02
5.230010223388671875e+01 1.015508499145507812e+02
5.441225814819335938e+01 8.427839660644531250e+01
5.719597244262695312e+01 6.563471984863281250e+01
6.370981597900390625e+01 4.831098937988281250e+01
7.089092254638671875e+01 3.532185363769531250e+01
8.300288391113281250e+01 2.355038452148437500e+01
1.035473937988281250e+02 1.726547241210937500e+01
1.272791900634765625e+02 2.204260253906250000e+01
1.448079376220703125e+02 3.104978942871093750e+01
1.596795196533203125e+02 4.208462524414062500e+01
1.712937469482421875e+02 5.652426147460937500e+01
1.778690185546875000e+02 7.600929260253906250e+01
1.810343627929687500e+02 9.356333923339843750e+01
1.863676605224609375e+02 1.111049652099609375e+02
1.883788909912109375e+02 1.311955566406250000e+02
5.643783950805664062e+01 1.543412780761718750e+02
6.326895904541015625e+01 1.600638427734375000e+02
7.313243865966796875e+01 1.622519683837890625e+02
8.246984100341796875e+01 1.617397613525390625e+02
9.032350158691406250e+01 1.581160888671875000e+02
1.274842910766601562e+02 1.591115570068359375e+02
1.369864349365234375e+02 1.614476165771484375e+02
1.477679138183593750e+02 1.615693511962890625e+02
1.590836791992187500e+02 1.578562316894531250e+02
1.682802429199218750e+02 1.505620574951171875e+02
1.066859207153320312e+02 1.375445556640625000e+02
1.044411544799804688e+02 1.250606842041015625e+02
1.027546691894531250e+02 1.124842071533203125e+02
1.014961700439453125e+02 1.025696563720703125e+02
9.284356689453125000e+01 9.443879699707031250e+01
9.733966827392578125e+01 9.374879455566406250e+01
1.035923995971679688e+02 9.156230163574218750e+01
1.115832138061523438e+02 9.280352783203125000e+01
1.147534942626953125e+02 9.297145080566406250e+01
6.822599792480468750e+01 1.385224304199218750e+02
7.332569885253906250e+01 1.412975463867187500e+02
8.193732452392578125e+01 1.418315582275390625e+02
8.958708190917968750e+01 1.384650878906250000e+02
8.225536346435546875e+01 1.368274230957031250e+02
7.394692230224609375e+01 1.364922637939453125e+02
1.288558349609375000e+02 1.355910034179687500e+02
1.373079376220703125e+02 1.398040771484375000e+02
1.457849121093750000e+02 1.390335388183593750e+02
1.531799163818359375e+02 1.352662353515625000e+02
1.459878692626953125e+02 1.326262817382812500e+02
1.365643157958984375e+02 1.335912322998046875e+02
7.968563079833984375e+01 6.984901428222656250e+01
8.645299530029296875e+01 7.595223999023437500e+01
9.727866363525390625e+01 7.913380432128906250e+01
1.023740844726562500e+02 7.726826477050781250e+01
1.070101623535156250e+02 7.881813049316406250e+01
1.210728607177734375e+02 7.418775939941406250e+01
1.306093750000000000e+02 6.663319396972656250e+01
1.195412902832031250e+02 5.714114379882812500e+01
1.098025894165039062e+02 5.364637756347656250e+01
1.021576156616210938e+02 5.249090576171875000e+01
9.290753936767578125e+01 5.455712890625000000e+01
8.586268615722656250e+01 5.944593811035156250e+01
7.997172546386718750e+01 6.997666931152343750e+01
9.516138458251953125e+01 7.257501220703125000e+01
1.026046600341796875e+02 7.282398986816406250e+01
1.108730239868164062e+02 7.227244567871093750e+01
1.302604675292968750e+02 6.671386718750000000e+01
1.097230606079101562e+02 6.101840209960937500e+01
1.018591690063476562e+02 6.101998901367187500e+01
9.497434234619140625e+01 6.253851318359375000e+01
