3.933532333374023438e+01 1.358553771972656250e+02
4.370749664306640625e+01 1.167791748046875000e+02
4.853651046752929688e+01 9.913775634765625000e+01
5.272788619995117188e+01 8.287586975097656250e+01
5.868058013916015625e+01 6.515986633300781250e+01
6.862590789794921875e+01 4.899755859375000000e+01
7.904792785644531250e+01 3.722410583496093750e+01
9.375926208496093750e+01 2.584928894042968750e+01
1.160338516235351562e+02 1.956448364257812500e+01
1.371013793945312500e+02 2.660749816894531250e+01
1.520171661376953125e+02 3.997491455078125000e+01
1.636742095947265625e+02 5.461560058593750000e+01
1.734589996337890625e+02 7.375003051757812500e+01
1.782635345458984375e+02 9.221577453613281250e+01
1.797945098876953125e+02 1.097892990112304688e+02
1.806956481933593750e+02 1.275495910644531250e+02
1.816548461914062500e+02 1.479107055664062500e+02
4.905033874511718750e+01 1.481717834472656250e+02
5.595901870727539062e+01 1.546814880371093750e+02
6.570754241943359375e+01 1.576740875244140625e+02
7.588127899169921875e+01 1.578652343750000000e+02
8.448271942138671875e+01 1.561091156005859375e+02
1.217859115600585938e+02 1.540822601318359375e+02
1.308518371582031250e+02 1.567141418457031250e+02
1.401846008300781250e+02 1.579130401611328125e+02
1.511985778808593750e+02 1.568188781738281250e+02
1.604700012207031250e+02 1.533092956542968750e+02
1.048762588500976562e+02 1.333275451660156250e+02
1.050498580932617188e+02 1.197299499511718750e+02
1.050236740112304688e+02 1.063253250122070312e+02
1.046309204101562500e+02 9.577344512939453125e+01
9.676066589355468750e+01 8.958021545410156250e+01
1.005809402465820312e+02 8.839312744140625000e+01
1.075284042358398438e+02 8.693161010742187500e+01
1.151744689941406250e+02 8.924964904785156250e+01
1.180997314453125000e+02 9.014527893066406250e+01
6.456722259521484375e+01 1.343833923339843750e+02
7.024689483642578125e+01 1.377753448486328125e+02
7.939894866943359375e+01 1.383161621093750000e+02
8.778102874755859375e+01 1.345570983886718750e+02
7.946488952636718750e+01 1.330292358398437500e+02
7.116373443603515625e+01 1.326544799804687500e+02
1.240377273559570312e+02 1.369616851806640625e+02
1.320569152832031250e+02 1.405427398681640625e+02
1.408660125732421875e+02 1.407804565429687500e+02
1.484526977539062500e+02 1.382722473144531250e+02
1.413132934570312500e+02 1.349693756103515625e+02
1.319050292968750000e+02 1.349607543945312500e+02
8.837566375732421875e+01 6.705099487304687500e+01
9.409684753417968750e+01 7.127114868164062500e+01
1.042192382812500000e+02 7.465124511718750000e+01
1.087847442626953125e+02 7.375663757324218750e+01
1.137992019653320312e+02 7.578050231933593750e+01
1.256726150512695312e+02 7.335261535644531250e+01
1.354778747558593750e+02 6.934768676757812500e+01
1.272657623291015625e+02 6.045980834960937500e+01
1.194569702148437500e+02 5.845994567871093750e+01
1.118790512084960938e+02 5.651370239257812500e+01
1.036549377441406250e+02 5.669302368164062500e+01
9.627693939208984375e+01 5.990814208984375000e+01
8.888170623779296875e+01 6.715628051757812500e+01
1.029262924194335938e+02 6.931867980957031250e+01
1.104609222412109375e+02 6.949612426757812500e+01
1.183004913330078125e+02 7.067012023925781250e+01
1.348729553222656250e+02 6.944134521484375000e+01
1.176694946289062500e+02 6.486341857910156250e+01
1.105377655029296875e+02 6.442558288574218750e+01
1.039511184692382812e+02 6.421539306640625000e+01
