3.321992874145507812e+01 1.382692871093750000e+02
3.805742263793945312e+01 1.184270401000976562e+02
4.237743377685546875e+01 1.018368911743164062e+02
4.750710678100585938e+01 8.411761474609375000e+01
5.454993057250976562e+01 6.602029418945312500e+01
6.710138702392578125e+01 4.811250305175781250e+01
8.044033050537109375e+01 3.496063232421875000e+01
9.864105224609375000e+01 2.403637695312500000e+01
1.228871383666992188e+02 2.000030517578125000e+01
1.425194396972656250e+02 2.901374816894531250e+01
1.544522705078125000e+02 4.378346252441406250e+01
1.634913330078125000e+02 5.923081970214843750e+01
1.709480133056640625e+02 7.875363159179687500e+01
1.749798889160156250e+02 9.877788543701171875e+01
1.782226867675781250e+02 1.175176391601562500e+02
1.793280639648437500e+02 1.365106811523437500e+02
1.800531921386718750e+02 1.573533782958984375e+02
5.390122222900390625e+01 1.478516082763671875e+02
6.437767791748046875e+01 1.517983093261718750e+02
7.606079864501953125e+01 1.535999145507812500e+02
8.710210418701171875e+01 1.537760925292968750e+02
9.589286041259765625e+01 1.522520446777343750e+02
1.322844696044921875e+02 1.553534240722656250e+02
1.411165008544921875e+02 1.584295043945312500e+02
1.504524841308593750e+02 1.614844207763671875e+02
1.607226257324218750e+02 1.618830261230468750e+02
1.682574462890625000e+02 1.606084136962890625e+02
1.169148483276367188e+02 1.347823181152343750e+02
1.176175231933593750e+02 1.203110961914062500e+02
1.194888381958007812e+02 1.054899978637695312e+02
1.199916534423828125e+02 9.423564147949218750e+01
1.080618133544921875e+02 8.733822631835937500e+01
1.118196792602539062e+02 8.682240295410156250e+01
1.183101272583007812e+02 8.602667236328125000e+01
1.255481719970703125e+02 8.880151367187500000e+01
1.296049346923828125e+02 9.028843688964843750e+01
6.965744018554687500e+01 1.355194549560546875e+02
7.732752227783203125e+01 1.387551422119140625e+02
8.703605651855468750e+01 1.394845428466796875e+02
9.433789825439453125e+01 1.368280639648437500e+02
8.749437713623046875e+01 1.343995513916015625e+02
7.740478515625000000e+01 1.339031982421875000e+02
1.329811401367187500e+02 1.403859863281250000e+02
1.410329284667968750e+02 1.456833648681640625e+02
1.499184875488281250e+02 1.459751129150390625e+02
1.562585449218750000e+02 1.449476013183593750e+02
1.507312927246093750e+02 1.403275756835937500e+02
1.412290954589843750e+02 1.384255676269531250e+02
9.630435180664062500e+01 6.296820068359375000e+01
1.043824996948242188e+02 6.849932861328125000e+01
1.152747497558593750e+02 7.221350097656250000e+01
1.196195144653320312e+02 7.169573974609375000e+01
1.249529190063476562e+02 7.261381530761718750e+01
1.351915588378906250e+02 7.206639099121093750e+01
1.418399047851562500e+02 6.921508789062500000e+01
1.354471435546875000e+02 5.975256347656250000e+01
1.281060791015625000e+02 5.497830200195312500e+01
1.215050506591796875e+02 5.244691467285156250e+01
1.132149658203125000e+02 5.281416320800781250e+01
1.049922027587890625e+02 5.646420288085937500e+01
9.670959472656250000e+01 6.301745605468750000e+01
1.128998641967773438e+02 6.622967529296875000e+01
1.202403411865234375e+02 6.752735900878906250e+01
1.269047546386718750e+02 6.773400878906250000e+01
1.414861450195312500e+02 6.927194213867187500e+01
1.275284957885742188e+02 6.214978027343750000e+01
1.207019500732421875e+02 6.183848571777343750e+01
1.139187545776367188e+02 6.077879333496093750e+01
